[194 169 2]
[210 169 2]
[253 169 2]
[220 170 2]
[202 177 2]
[229 179 2]
[230 179 2]
[230 180 2]
[174 181 3]
[253 181 2]
[252 182 2]
[251 183 2]
[252 183 2]
[231 184 2]
[253 184 2]
[229 186 2]
[204 187 2]
[161 194 3]
[139 195 -1]
[230 197 2]
[229 198 2]
[230 198 2]
[145 200 3]
[140 206 -1]
[220 206 2]
[253 217 2]
[220 220 2]
[233 220 2]
[247 223 2]
[178 224 4]
[246 224 2]
[247 224 2]
[178 225 4]
[179 225 4]
[191 225 4]
[225 225 2]
[127 226 4]
[190 226 4]
[191 226 4]
[138 228 4]
[139 228 4]
[138 229 4]
[220 230 2]
[253 230 2]
[127 237 4]
[165 238 4]
[165 239 4]
[203 239 4]
[210 245 4]
[136 246 4]
[139 249 4]
[176 250 -1]
[196 254 4]
[209 255 4]
[151 257 4]
[201 258 4]
[179 259 -1]
[186 259 -1]
[127 260 4]
[203 260 4]
[152 262 4]
[203 265 6]
[246 265 -1]
[176 267 -1]
[159 270 4]
[184 271 -1]
[170 273 4]
[169 274 4]
[182 275 -1]
[236 275 5]
[229 276 5]
[185 278 -1]
[248 280 -1]
[244 283 5]
[245 283 5]
[245 284 5]
[140 288 4]
[127 289 4]
[139 289 4]
[140 289 4]
[208 291 6]
[216 291 6]
[158 294 4]
[143 295 4]
[159 295 4]
[160 295 4]
[167 295 4]
[159 296 4]
[140 304 4]
[236 304 7]
[237 304 7]
[139 305 4]
[140 305 4]
[201 305 -1]
[228 305 7]
[237 305 7]
[232 306 7]
[171 310 4]
[242 310 -1]
[132 311 4]
[158 311 4]
[171 311 4]
[172 311 4]
[195 312 -1]
[169 313 4]
[176 313 -1]
[208 313 -1]
[207 314 -1]
[210 315 -1]
[172 316 4]
[209 316 -1]
[238 316 -1]
